thresholds,precision,recall,f1
1,0.9937877174298899,0.31268848430693624,0.47570093457943924
0.95,0.9864148892813477,0.4055065341226405,0.5747417580243004
0.9,0.9564511217135316,0.5261923377638781,0.6788918110746839
0.85,0.746984758117959,0.6295096615659556,0.6832343314341133
0.8,0.28075716845878135,0.6999329833575337,0.4007610398746522
0.75,0.06566302228584121,0.7429353289400201,0.120661584301205
0.7,0.025838759974318996,0.7866636881492237,0.050034099627745736
0.65,0.014108537121757572,0.8437395286496147,0.027753004141458027
0.6,0.010084716301477604,0.9137160728247515,0.019949252009739907
