thresholds,precision,recall,f1
1,0.8742038216560509,0.9927667269439421,0.9297205757832344
0.95,0.8742038216560509,0.9927667269439421,0.9297205757832344
0.9,0.8632075471698113,0.9927667269439421,0.9234650967199327
0.85,0.8632075471698113,0.9927667269439421,0.9234650967199327
0.8,0.8632075471698113,0.9927667269439421,0.9234650967199327
0.75,0.8073529411764706,0.9927667269439421,0.8905109489051095
0.7,0.7379032258064516,0.9927667269439421,0.8465690053970701
0.65,0.40456890198968315,0.9927667269439421,0.5748691099476441
0.6,0.1314655172413793,0.9927667269439421,0.23218439416367095
