thresholds,precision,recall,f1
1,0.7922077922077922,0.9927667269439421,0.8812199036918138
0.95,0.25137362637362637,0.9927667269439421,0.40116916331750097
0.9,0.05851007140573378,0.9927667269439421,0.11050724637681161
0.85,0.020032602789349756,1.0,0.03927835783791462
0.8,0.011362702391715296,1.0,0.02247008390727535
0.75,0.009850198607078605,1.0,0.01950823720323138
0.7,0.009616555082166769,1.0,0.019049915601639742
0.65,0.009598528109975179,1.0,0.0190145445793075
0.6,0.00959602970778094,1.0,0.019009642323095172
